7.96248e-08, -4.25274e-08, 1.16059e-08, -1.52535e-08,
1.56652e+06, -2.31142e+06, -2.27747e+07, -1.97213e+07,
2.04337e+06, -1.65053e+06, -3.90309e+07, -3.78631e+07,
1.10465e+06, 2.16275e+06, -4.49791e+07, -5.0383e+07,
-1.26107e+06, 8.67531e+06, -3.87171e+07, -5.40983e+07,
-4.72965e+06, 1.68631e+07, -2.05071e+07, -4.72225e+07,
-8.68064e+06, 2.52825e+07, 7.27743e+06, -2.96925e+07,
-1.22922e+07, 3.22893e+07, 4.0522e+07, -3.23889e+06,
-1.46781e+07, 3.62945e+07, 7.39962e+07, 2.88138e+07,
-1.50462e+07, 3.6021e+07, 1.02142e+08, 6.19896e+07,
-1.28528e+07, 3.07245e+07, 1.19909e+08, 9.12862e+07,
-7.92785e+06, 2.03458e+07, 1.23521e+08, 1.11896e+08,
-548827, 5.57319e+06, 1.11066e+08, 1.19923e+08,
8.55205e+06, -1.22e+07, 8.28216e+07, 1.12991e+08,
1.8253e+07, -3.1017e+07, 4.12889e+07, 9.06635e+07,
2.71753e+07, -4.85847e+07, -9.09082e+06, 5.46009e+07,
3.38674e+07, -6.2559e+07, -6.24807e+07, 8.43877e+06,
3.70178e+07, -7.08513e+07, -1.1239e+08, -4.261e+07,
3.56647e+07, -7.1918e+07, -1.52508e+08, -9.23798e+07,
2.93744e+07, -6.49948e+07, -1.7753e+08, -1.34526e+08,
1.83574e+07, -5.02418e+07, -1.8385e+08, -1.63348e+08,
3.50278e+06, -2.87795e+07, -1.70049e+08, -1.74553e+08,
-1.36805e+07, -2.6064e+06, -1.37105e+08, -1.65862e+08,
-3.12132e+07, 2.55968e+07, -8.82986e+07, -1.37374e+08,
-4.68725e+07, 5.27542e+07, -2.88353e+07, -9.16362e+07,
-5.84687e+07, 7.57432e+07, 3.47756e+07, -3.34003e+07,
-6.41386e+07, 9.17612e+07, 9.54976e+07, 3.08973e+07,
-6.2616e+07, 9.867e+07, 1.46606e+08, 9.38846e+07,
-5.34431e+07, 9.52721e+07, 1.82482e+08, 1.48134e+08,
-3.70892e+07, 8.14874e+07, 1.99265e+08, 1.87067e+08,
-1.49578e+07, 5.8404e+07, 1.95285e+08, 2.05771e+08,
1.07273e+07, 2.81946e+07, 1.71225e+08, 2.01623e+08,
3.71469e+07, -6.09498e+06, 1.30001e+08, 1.7465e+08,
6.12014e+07, -4.08639e+07, 7.63754e+07, 1.2756e+08,
7.98773e+07, -7.23466e+07, 1.63651e+07, 6.54622e+07,
9.06251e+07, -9.70314e+07, -4.34865e+07, -4.71817e+06,
9.16969e+07, -1.1206e+08, -9.68767e+07, -7.50401e+07,
8.24031e+07, -1.15564e+08, -1.38456e+08, -1.37479e+08,
6.32499e+07, -1.06892e+08, -1.64404e+08, -1.84872e+08,
3.59363e+07, -8.67071e+07, -1.72796e+08, -2.11766e+08,
3.20564e+06, -5.69431e+07, -1.63735e+08, -2.15062e+08,
-3.14374e+07, -2.06099e+07, -1.39234e+08, -1.94382e+08,
-6.41125e+07, 1.85177e+07, -1.02873e+08, -1.52112e+08,
-9.10101e+07, 5.63018e+07, -5.92884e+07, -9.31169e+07,
-1.08845e+08, 8.86893e+07, -1.35674e+07, -2.41662e+07,
-1.15265e+08, 1.12154e+08, 2.93829e+07, 4.68678e+07,
-1.09156e+08, 1.24087e+08, 6.53992e+07, 1.11932e+08,
-9.08119e+07, 1.2309e+08, 9.14977e+07, 1.63734e+08,
-6.19455e+07, 1.09134e+08, 1.06131e+08, 1.96577e+08,
-2.55223e+07, 8.35781e+07, 1.09243e+08, 2.07014e+08,
1.45513e+07, 4.90317e+07, 1.02129e+08, 1.9421e+08,
5.3862e+07, 9.07968e+06, 8.7126e+07, 1.60011e+08,
8.79915e+07, -3.20962e+07, 6.71926e+07, 1.08688e+08,
1.1303e+08, -7.01628e+07, 4.54361e+07, 4.6395e+07,
1.26039e+08, -1.01098e+08, 2.4659e+07, -1.95717e+07,
1.25408e+08, -1.21621e+08, 6.98829e+06, -8.16488e+07,
1.11058e+08, -1.29543e+08, -6.36427e+06, -1.32889e+08,
8.44753e+07, -1.23998e+08, -1.51818e+07, -1.67757e+08,
4.85484e+07, -1.05538e+08, -2.01568e+07, -1.82743e+08,
7.25223e+06, -7.60683e+07, -2.26607e+07, -1.76719e+08,
-3.48064e+07, -3.86504e+07, -2.44085e+07, -1.51019e+08,
-7.29189e+07, 2.82838e+06, -2.70745e+07, -1.09207e+08,
-1.02821e+08, 4.40634e+07, -3.1921e+07, -5.66099e+07,
-1.21187e+08, 8.07854e+07, -3.95015e+07, 365919,
-1.2602e+08, 1.09207e+08, -4.94859e+07, 5.50143e+07,
-1.16881e+08, 1.26413e+08, -6.06402e+07, 1.01129e+08,
-9.494e+07, 1.3066e+08, -7.09698e+07, 1.33718e+08,
-6.28308e+07, 1.21548e+08, -7.80079e+07, 1.49555e+08,
-2.43391e+07, 1.00053e+08, -7.92137e+07, 1.47501e+08,
1.60497e+07, 6.84108e+07, -7.24206e+07, 1.28568e+08,
5.36825e+07, 2.98826e+07, -5.62714e+07, 9.57197e+07,
8.42886e+07, -1.15936e+07, -3.05698e+07, 5.34491e+07,
1.04481e+08, -5.18097e+07, 3.50804e+06, 7.18261e+06,
1.1215e+08, -8.67193e+07, 4.3386e+07, -3.74082e+07,
1.06698e+08, -1.12845e+08, 8.52618e+07, -7.50997e+07,
8.90964e+07, -1.27625e+08, 1.24474e+08, -1.01731e+08,
6.17439e+07, -1.29657e+08, 1.56024e+08, -1.14669e+08,
2.81623e+07, -1.18824e+08, 1.75201e+08, -1.13067e+08,
-7.44777e+06, -9.62892e+07, 1.78224e+08, -9.78959e+07,
-4.07272e+07, -6.4361e+07, 1.62818e+08, -7.17528e+07,
-6.76937e+07, -2.62479e+07, 1.28659e+08, -3.84703e+07,
-8.52264e+07, 1.42727e+07, 7.75981e+07, -2.5898e+06,
-9.14379e+07, 5.32334e+07, 1.36343e+07, 3.12363e+07,
-8.58923e+07, 8.68681e+07, -5.73754e+07, 5.88346e+07,
-6.96389e+07, 1.11974e+08, -1.28261e+08, 7.70204e+07,
-4.50612e+07, 1.26213e+08, -1.9128e+08, 8.39639e+07,
-1.55593e+07, 1.28317e+08, -2.38978e+08, 7.93726e+07,
1.48925e+07, 1.18197e+08, -2.65071e+08, 6.44712e+07,
4.22593e+07, 9.69206e+07, -2.65253e+08, 4.1787e+07,
6.29626e+07, 6.65964e+07, -2.37809e+08, 1.47752e+07,
7.43382e+07, 3.0152e+07, -1.83972e+08, -1.26663e+07,
7.49755e+07, -8.95479e+06, -1.07958e+08, -3.67253e+07,
6.48963e+07, -4.7067e+07, -1.66566e+07, -5.41795e+07,
4.55498e+07, -8.06705e+07, 8.09991e+07, -6.28106e+07,
1.96238e+07, -1.06713e+08, 1.74924e+08, -6.1678e+07,
-9.30355e+06, -1.22874e+08, 2.54947e+08, -5.12181e+07,
-3.72285e+07, -1.27758e+08, 3.11936e+08, -3.31598e+07,
-6.02445e+07, -1.21007e+08, 3.38852e+08, -1.02699e+07,
-7.5056e+07, -1.03308e+08, 3.31613e+08, 1.4036e+07,
-7.94186e+07, -7.63189e+07, 2.89664e+08, 3.61655e+07,
-7.24488e+07, -4.25005e+07, 2.16171e+08, 5.28409e+07,
-5.47612e+07, -4.89221e+06, 1.17808e+08, 6.15472e+07,
-2.84165e+07, 3.31626e+07, 4.1562e+06, 6.08772e+07,
3.31873e+06, 6.83089e+07, -1.13253e+08, 5.07298e+07,
3.63693e+07, 9.7468e+07, -2.22128e+08, 3.23349e+07,
6.63604e+07, 1.18097e+08, -3.10734e+08, 8.10254e+06,
8.91738e+07, 1.28397e+08, -3.69186e+08, -1.86858e+07,
1.01483e+08, 1.27464e+08, -3.90567e+08, -4.43044e+07,
1.01199e+08, 1.15352e+08, -3.71758e+08, -6.50745e+07,
8.77712e+07, 9.30712e+07, -3.1387e+08, -7.7857e+07,
6.22995e+07, 6.24961e+07, -2.22215e+08, -8.04836e+07,
2.7445e+07, 2.62135e+07, -1.05823e+08, -7.20703e+07,
-1.28577e+07, -1.26923e+07, 2.34548e+07, -5.31718e+07,
-5.38512e+07, -5.08929e+07, 1.52181e+08, -2.57541e+07,
-9.0519e+07, -8.509e+07, 2.66749e+08, 7.01366e+06,
-1.18194e+08, -1.1229e+08, 3.54857e+08, 4.11261e+07,
-1.33139e+08, -1.30056e+08, 4.06852e+08, 7.22242e+07,
-1.33027e+08, -1.3672e+08, 4.16816e+08, 9.61358e+07,
-1.17259e+08, -1.31535e+08, 3.83249e+08, 1.09409e+08,
-8.7088e+07, -1.14754e+08, 3.09291e+08, 1.09772e+08,
-4.55144e+07, -8.76322e+07, 2.02431e+08, 9.6461e+07,
3.02399e+06, -5.23405e+07, 7.37458e+07, 7.03727e+07,
5.31414e+07, -1.18047e+07, -6.32683e+07, 3.40202e+07,
9.9115e+07, 3.05263e+07, -1.94131e+08, -8.71109e+06,
1.35548e+08, 7.09638e+07, -3.04935e+08, -5.29802e+07,
1.58005e+08, 1.05893e+08, -3.83857e+08, -9.35369e+07,
1.6355e+08, 1.32092e+08, -4.22443e+08, -1.25335e+08,
1.51109e+08, 1.47028e+08, -4.16538e+08, -1.44144e+08,
1.21636e+08, 1.49103e+08, -3.6675e+08, -1.4708e+08,
7.80313e+07, 1.37829e+08, -2.78394e+08, -1.33003e+08,
2.48466e+07, 1.13906e+08, -1.60927e+08, -1.02719e+08,
-3.22123e+07, 7.92001e+07, -2.692e+07, -5.8961e+07,
-8.69153e+07, 3.6612e+07, 1.09301e+08, -6.14563e+06,
-1.33207e+08, -1.01567e+07, 2.33214e+08, 5.00711e+07,
-1.65889e+08, -5.69171e+07, 3.31671e+08, 1.034e+08,
-1.81216e+08, -9.93668e+07, 3.94325e+08, 1.47619e+08,
-1.77321e+08, -1.33488e+08, 4.14738e+08, 1.77284e+08,
-1.54443e+08, -1.55933e+08, 3.91058e+08, 1.88387e+08,
-1.14905e+08, -1.64365e+08, 3.26195e+08, 1.78859e+08,
-6.28697e+07, -1.57706e+08, 2.27471e+08, 1.4888e+08,
-3.8789e+06, -1.36277e+08, 1.05784e+08, 1.00944e+08,
5.57559e+07, -1.01814e+08, -2.56032e+07, 3.96615e+07,
1.0965e+08, -5.73295e+07, -1.52534e+08, -2.86841e+07,
1.5205e+08, -6.86435e+06, -2.61505e+08, -9.67763e+07,
1.78458e+08, 4.48847e+07, -3.41129e+08, -1.57049e+08,
1.86124e+08, 9.30051e+07, -3.83347e+08, -2.02523e+08,
1.74334e+08, 1.32845e+08, -3.84257e+08, -2.276e+08,
1.44467e+08, 1.60476e+08, -3.44474e+08, -2.28737e+08,
9.98315e+07, 1.73099e+08, -2.68992e+08, -2.04908e+08,
4.5279e+07, 1.69337e+08, -1.66558e+08, -1.57803e+08,
-1.3339e+07, 1.49404e+08, -4.86521e+07, -9.17364e+07,
-6.98201e+07, 1.15104e+08, 7.18209e+07, -1.32524e+07,
-1.18288e+08, 6.96813e+07, 1.81968e+08, 6.95167e+07,
-1.53819e+08, 1.75054e+07, 2.70311e+08, 1.47697e+08,
-1.72957e+08, -3.63492e+07, 3.28007e+08, 2.12622e+08,
-1.74051e+08, -8.6611e+07, 3.4974e+08, 2.56794e+08,
-1.57393e+08, -1.28344e+08, 3.34209e+08, 2.74737e+08,
-1.25137e+08, -1.57453e+08, 2.84153e+08, 2.63666e+08,
-8.10182e+07, -1.71104e+08, 2.05932e+08, 2.23866e+08,
-2.99092e+07, -1.6802e+08, 1.0872e+08, 1.58759e+08,
2.27363e+07, -1.48617e+08, 3.40871e+06, 7.46156e+07,
7.14832e+07, -1.1496e+08, -9.86331e+07, -2.00406e+07,
1.11493e+08, -7.05487e+07, -1.86818e+08, -1.15305e+08,
1.39015e+08, -1.99483e+07, -2.5246e+08, -2.00929e+08,
1.5174e+08, 3.16877e+07, -2.89634e+08, -2.67433e+08,
1.48986e+08, 7.91608e+07, -2.95706e+08, -3.07152e+08,
1.31696e+08, 1.17772e+08, -2.7146e+08, -3.15124e+08,
1.02259e+08, 1.43809e+08, -2.20848e+08, -2.89694e+08,
6.41919e+07, 1.54929e+08, -1.50401e+08, -2.32776e+08,
2.17045e+07, 1.5038e+08, -6.83774e+07, -1.49732e+08,
-2.07779e+07, 1.31062e+08, 1.62263e+07, -4.88706e+07,
-5.90908e+07, 9.93961e+07, 9.46921e+07, 5.93949e+07,
-8.97481e+07, 5.90319e+07, 1.59503e+08, 1.63626e+08,
-1.10259e+08, 1.44294e+07, 2.05069e+08, 2.52585e+08,
-1.19315e+08, -2.9646e+07, 2.28187e+08, 3.16456e+08,
-1.16839e+08, -6.86503e+07, 2.28202e+08, 3.47941e+08,
-1.03889e+08, -9.87516e+07, 2.06863e+08, 3.43101e+08,
-8.24564e+07, -1.1723e+08, 1.67924e+08, 3.01842e+08,
-5.51786e+07, -1.22741e+08, 1.16557e+08, 2.27993e+08,
-2.5005e+07, -1.15415e+08, 5.86538e+07, 1.28952e+08,
5.1318e+06, -9.67854e+07, 126385, 1.49386e+07,
3.2609e+07, -6.95574e+07, -5.37244e+07, -1.02075e+08,
5.53381e+07, -3.72467e+07, -9.86882e+07, -2.09644e+08,
7.1902e+07, -3.73624e+06, -1.31936e+08, -2.96191e+08,
8.15993e+07, 2.7195e+07, -1.52105e+08, -3.52281e+08,
8.44027e+07, 5.23126e+07, -1.59195e+08, -3.71667e+08,
8.08484e+07, 6.92852e+07, -1.54312e+08, -3.51999e+08,
7.18817e+07, 7.69169e+07, -1.3932e+08, -2.95113e+08,
5.86869e+07, 7.52306e+07, -1.16469e+08, -2.06865e+08,
4.25278e+07, 6.53932e+07, -8.80543e+07, -9.65192e+07,
2.46209e+07, 4.95001e+07, -5.61674e+07, 2.42426e+07,
6.05363e+06, 3.02471e+07, -2.25565e+07, 1.42582e+08,
-1.22459e+07, 1.05381e+07, 1.13841e+07, 2.45898e+08,
-2.94963e+07, -6.9193e+06, 4.45207e+07, 3.23201e+08,
-4.50187e+07, -1.99757e+07, 7.5819e+07, 3.66311e+08,
-5.8181e+07, -2.73116e+07, 1.04163e+08, 3.7075e+08,
-6.83502e+07, -2.85835e+07, 1.28208e+08, 3.36219e+08,
-7.48723e+07, -2.4427e+07, 1.46323e+08, 2.66627e+08,
-7.70903e+07, -1.63178e+07, 1.56635e+08, 1.69637e+08,
-7.44063e+07, -6.31273e+06, 1.57215e+08, 5.58146e+07,
-6.63815e+07, 3.2922e+06, 1.46365e+08, -6.25536e+07,
-5.28599e+07, 1.03361e+07, 1.22974e+08, -1.72814e+08,
-3.40943e+07, 1.31471e+07, 8.68993e+07, -2.63339e+08,
-1.08488e+07, 1.08226e+07, 3.92774e+07, -3.24786e+08,
1.55474e+07, 3.39505e+06, -1.72802e+07, -3.51097e+08,
4.3216e+07, -8.14365e+06, -7.86798e+07, -3.40115e+08,
6.98273e+07, -2.1966e+07, -1.39556e+08, -2.93758e+08,
9.27817e+07, -3.5666e+07, -1.93704e+08, -2.1774e+08,
1.09462e+08, -4.66163e+07, -2.3471e+08, -1.20866e+08,
1.17533e+08, -5.2376e+07, -2.56711e+08, -1.39984e+07,
1.15252e+08, -5.10921e+07, -2.55192e+08, 9.11911e+07,
1.01758e+08, -4.18341e+07, -2.27729e+08, 1.8353e+08,
7.72779e+07, -2.4812e+07, -1.74546e+08, 2.53572e+08,
4.32422e+07, -1.43946e+06, -9.88099e+07, 2.94594e+08,
2.25503e+06, 2.57752e+07, -6.57874e+06, 3.03265e+08,
-4.20734e+07, 5.35027e+07, 9.36135e+07, 2.79908e+08,
-8.5435e+07, 7.80014e+07, 1.91528e+08, 2.28337e+08,
-1.23245e+08, 9.56128e+07, 2.76279e+08, 1.55307e+08,
-1.51137e+08, 1.03277e+08, 3.37563e+08, 6.96391e+07,
-1.6547e+08, 9.89995e+07, 3.66927e+08, -1.88528e+07,
-1.63804e+08, 8.22038e+07, 3.58916e+08, -1.00515e+08,
-1.45259e+08, 5.39122e+07, 3.11939e+08, -1.6694e+08,
-1.10733e+08, 1.67237e+07, 2.28732e+08, -2.11862e+08,
-6.29177e+07, -2.54201e+07, 1.16335e+08, -2.31763e+08,
-6.11764e+06, -6.76617e+07, -1.44549e+07, -2.26132e+08,
5.4135e+07, -1.04799e+08, -1.50122e+08, -1.97352e+08,
1.11626e+08, -1.31938e+08, -2.7585e+08, -1.50253e+08,
1.60117e+08, -1.45134e+08, -3.77182e+08, -9.13956e+07,
1.94039e+08, -1.41954e+08, -4.41726e+08, -2.81874e+07,
2.09146e+08, -1.21864e+08, -4.60702e+08, 3.20518e+07,
2.03053e+08, -8.64012e+07, -4.30138e+08, 8.2958e+07,
1.7558e+08, -3.908e+07, -3.51541e+08, 1.19817e+08,
1.28867e+08, 1.49496e+07, -2.31953e+08, 1.40009e+08,
6.72243e+07, 6.9473e+07, -8.33472e+07, 1.43154e+08,
-3.26279e+06, 1.1794e+08, 7.85798e+07, 1.30966e+08,
-7.53513e+07, 1.54267e+08, 2.36109e+08, 1.06844e+08,
-1.41406e+08, 1.73616e+08, 3.71493e+08, 7.5272e+07,
-1.94233e+08, 1.73043e+08, 4.69023e+08, 4.11171e+07,
-2.27894e+08, 1.51939e+08, 5.16914e+08, 8.93596e+06,
-2.3839e+08, 1.12187e+08, 5.0878e+08, -1.76261e+07,
-2.24156e+08, 5.80198e+07, 4.44507e+08, -3.62561e+07,
-1.86284e+08, -4.43102e+06, 3.30404e+08, -4.61675e+07,
-1.28451e+08, -6.78302e+07, 1.786e+08, -4.80512e+07,
-5.65601e+07, -1.24514e+08, 5.72277e+06, -4.38033e+07,
2.18827e+07, -1.67431e+08, -1.68961e+08, -3.60816e+07,
9.85773e+07, -1.91034e+08, -3.2577e+08, -2.77666e+07,
1.65341e+08, -1.92013e+08, -4.46902e+08, -2.14158e+07,
2.15015e+08, -1.69765e+08, -5.18546e+08, -1.87968e+07,
2.42266e+08, -1.26535e+08, -5.32529e+08, -2.05755e+07,
2.44188e+08, -6.72141e+07, -4.87321e+08, -2.62041e+07,
2.20625e+08, 1.21362e+06, -3.88239e+08, -3.40302e+07,
1.74196e+08, 7.04901e+07, -2.46839e+08, -4.16057e+07,
1.09999e+08, 1.32087e+08, -7.95553e+07, -4.61483e+07,
3.50332e+07, 1.78266e+08, 9.42577e+07, -4.50811e+07,
-4.25895e+07, 2.03063e+08, 2.54632e+08, -3.6562e+07,
-1.14556e+08, 2.03072e+08, 3.83368e+08, -1.99159e+07,
-1.73281e+08, 1.77921e+08, 4.66202e+08, 4.10779e+06,
-2.12747e+08, 1.30378e+08, 4.94479e+08, 3.32997e+07,
-2.29148e+08, 6.60595e+07, 4.66138e+08, 6.41984e+07,
-2.21284e+08, -7.22635e+06, 3.85879e+08, 9.25197e+07,
-1.90642e+08, -8.04243e+07, 2.64492e+08, 1.13755e+08,
-1.4117e+08, -1.44356e+08, 1.17451e+08, 1.23853e+08,
-7.8771e+07, -1.90876e+08, -3.7072e+07, 1.19893e+08,
-1.05842e+07, -2.13925e+08, -1.80499e+08, 1.00635e+08,
5.58604e+07, -2.10322e+08, -2.96155e+08, 6.68649e+07,
1.13511e+08, -1.80219e+08, -3.71312e+08, 2.14714e+07,
1.56581e+08, -1.27127e+08, -3.98687e+08, -3.07822e+07,
1.81163e+08, -5.75194e+07, -3.77226e+08, -8.37701e+07,
1.856e+08, 1.99564e+07, -3.12069e+08, -1.30748e+08,
1.70577e+08, 9.55506e+07, -2.13714e+08, -1.65234e+08,
1.3893e+08, 1.59646e+08, -9.64904e+07, -1.81913e+08,
9.52014e+07, 2.0399e+08, 2.34388e+07, -1.77439e+08,
4.50145e+07, 2.22774e+08, 1.3028e+08, -1.51012e+08,
-5.65961e+06, 2.13408e+08, 2.10721e+08, -1.04645e+08,
-5.12384e+07, 1.76892e+08, 2.55666e+08, -4.30635e+07,
-8.71774e+07, 1.17728e+08, 2.61363e+08, 2.67706e+07,
-1.10454e+08, 4.33735e+07, 2.29767e+08, 9.64555e+07,
-1.19827e+08, -3.66897e+07, 1.68109e+08, 1.57186e+08,
-1.15853e+08, -1.12172e+08, 8.77144e+07, 2.0089e+08,
-1.00664e+08, -1.73306e+08, 2.26725e+06, 2.21325e+08,
-7.75464e+07, -2.1213e+08, -7.42632e+07, 2.14978e+08,
-5.03969e+07, -2.23549e+08, -1.29716e+08, 1.81641e+08,
-2.31238e+07, -2.06033e+08, -1.55561e+08, 1.24578e+08,
907978, -1.61849e+08, -1.48189e+08, 5.02351e+07,
1.93159e+07, -9.68026e+07, -1.09474e+08, -3.24823e+07,
3.09612e+07, -1.94943e+07, -4.65118e+07, -1.13282e+08,
3.60007e+07, 5.97963e+07, 2.94191e+07, -1.81783e+08,
3.57285e+07, 1.30473e+08, 1.04562e+08, -2.28867e+08,
3.22383e+07, 1.83043e+08, 1.64794e+08, -2.47917e+08,
2.79634e+07, 2.10414e+08, 1.97855e+08, -2.3576e+08,
2.51724e+07, 2.08882e+08, 1.95366e+08, -1.9319e+08,
2.55017e+07, 1.78677e+08, 1.54334e+08, -1.2498e+08,
2.96053e+07, 1.23985e+08, 7.78984e+07, -3.93729e+07,
3.69806e+07, 5.24244e+07, -2.48124e+07, 5.29092e+07,
4.60061e+07, -2.59536e+07, -1.39727e+08, 1.40005e+08,
5.4191e+07, -1.00022e+08, -2.49675e+08, 2.10451e+08,
5.86045e+07, -1.59114e+08, -3.36784e+08, 2.547e+08,
5.64231e+07, -1.94527e+08, -3.85115e+08, 2.66441e+08,
4.55095e+07, -2.00797e+08, -3.83164e+08, 2.43507e+08,
2.49304e+07, -1.76549e+08, -3.25864e+08, 1.88271e+08,
-4.67873e+06, -1.24801e+08, -2.15781e+08, 1.07435e+08,
-4.09728e+07, -5.26658e+07, -6.32753e+07, 1.12444e+07,
-8.00242e+07, 2.95404e+07, 1.14417e+08, -8.7801e+07,
-1.16722e+08, 1.09664e+08, 2.95144e+08, -1.76563e+08,
-1.45407e+08, 1.75395e+08, 4.54597e+08, -2.43014e+08,
-1.60666e+08, 2.16028e+08, 5.69529e+08, -2.77879e+08,
-1.58183e+08, 2.2408e+08, 6.21029e+08, -2.75946e+08,
-1.35526e+08, 1.96513e+08, 5.97374e+08, -2.36867e+08,
-9.27389e+07, 1.35388e+08, 4.96071e+08, -1.65316e+08,
-3.26505e+07, 4.78359e+07, 3.24761e+08, -7.04737e+07,
3.91913e+07, -5.46928e+07, 1.00799e+08, 3.51186e+07,
1.14969e+08, -1.5782e+08, -1.50499e+08, 1.37186e+08,
1.85412e+08, -2.4612e+08, -3.98753e+08, 2.21634e+08,
2.40891e+08, -3.05244e+08, -6.12258e+08, 2.76487e+08,
2.72676e+08, -3.24022e+08, -7.62076e+08, 2.93588e+08,
2.74191e+08, -2.96242e+08, -8.25961e+08, 2.6983e+08,
2.42094e+08, -2.21847e+08, -7.91596e+08, 2.07721e+08,
1.77032e+08, -1.07365e+08, -6.58662e+08, 1.15191e+08,
8.39343e+07, 3.45487e+07, -4.39432e+08, 4.65119e+06,
-2.8234e+07, 1.86422e+08, -1.57737e+08, -1.08608e+08,
-1.47261e+08, 3.28022e+08, 1.53633e+08, -2.08461e+08,
-2.58968e+08, 4.38916e+08, 4.56796e+08, -2.80189e+08,
-3.48853e+08, 5.01213e+08, 7.13473e+08, -3.12591e+08,
-4.039e+08, 5.0216e+08, 8.89928e+08, -2.99693e+08,
-4.14351e+08, 4.36203e+08, 9.61486e+08, -2.41787e+08,
-3.75197e+08, 3.06241e+08, 9.16057e+08, -1.45634e+08,
-2.87184e+08, 1.23845e+08, 7.56135e+08, -2.37763e+07,
-1.57164e+08, -9.16518e+07, 4.98964e+08, 1.06999e+08,
2.29123e+06, -3.15128e+08, 1.74787e+08, 2.27844e+08,
1.74022e+08, -5.18527e+08, -1.76672e+08, 3.20433e+08,
3.3807e+08, -6.74277e+08, -5.11079e+08, 3.69584e+08,
4.73938e+08, -7.58849e+08, -7.8514e+08, 3.65571e+08,
5.63073e+08, -7.56039e+08, -9.62284e+08, 3.05786e+08,
5.9128e+08, -6.59502e+08, -1.01766e+09, 1.95491e+08,
5.50758e+08, -4.74204e+08, -9.41763e+08, 4.75204e+07,
4.41488e+08, -2.16528e+08, -7.42097e+08, -1.19098e+08,
2.71753e+08, 8.70526e+07, -4.42722e+08, -2.81447e+08,
5.76811e+07, 4.0263e+08, -8.15253e+07, -4.15694e+08,
-1.78198e+08, 6.92612e+08, 2.94397e+08, -5.00364e+08,
-4.09265e+08, 9.20135e+08, 6.34755e+08, -5.19476e+08,
-6.07755e+08, 1.05364e+09, 8.92694e+08, -4.65109e+08,
-7.48022e+08, 1.07104e+09, 1.0312e+09, -3.39024e+08,
-8.0974e+08, 9.62974e+08, 1.02839e+09, -1.53062e+08,
-7.80651e+08, 7.3463e+08, 8.8101e+08, 7.18009e+07,
-6.58501e+08, 4.05945e+08, 6.0546e+08, 3.07692e+08,
-4.51889e+08, 9.97657e+06, 2.36315e+08, 5.23147e+08,
-1.79873e+08, -4.10377e+08, -1.77723e+08, 6.87107e+08,
1.29698e+08, -8.07016e+08, -5.79921e+08, 7.73111e+08,
4.42984e+08, -1.13213e+09, -9.12941e+08, 7.63135e+08,
7.23812e+08, -1.34393e+09, -1.12665e+09, 6.50571e+08,
9.37796e+08, -1.41188e+09, -1.18529e+09, 4.41876e+08,
1.05647e+09, -1.32089e+09, -1.07302e+09, 1.56618e+08,
1.06092e+09, -1.07379e+09, -7.9699e+08, -1.74192e+08,
9.44472e+08, -6.91826e+08, -3.87501e+08, -5.11352e+08,
7.141e+08, -2.12931e+08, 1.0503e+08, -8.11991e+08,
3.90267e+08, 3.11987e+08, 6.15902e+08, -1.03484e+09,
5.21693e+06, 8.24498e+08, 1.07421e+09, -1.14563e+09,
-4.00204e+08, 1.26518e+09, 1.41213e+09, -1.1219e+09,
-7.80865e+08, 1.58053e+09, 1.57433e+09, -9.5661e+08,
-1.09235e+09, 1.72946e+09, 1.52613e+09, -6.60028e+08,
-1.29605e+09, 1.6884e+09, 1.25841e+09, -2.60342e+08,
-1.257e+09, 1.37405e+09, 8.34808e+08, 1.32488e+08,
-1.08271e+09, 9.22606e+08, 3.30867e+08, 4.98397e+08,
-7.97871e+08, 3.88975e+08, -1.93044e+08, 7.97713e+08,
-4.38514e+08, -1.64891e+08, -6.76245e+08, 9.99465e+08,
-4.74836e+07, -6.7723e+08, -1.0648e+09, 1.0846e+09,
3.3065e+08, -1.09339e+09, -1.31757e+09, 1.04777e+09,
6.54684e+08, -1.37168e+09, -1.41055e+09, 8.97428e+08,
8.91293e+08, -1.48757e+09, -1.33912e+09, 6.54454e+08,
1.01845e+09, -1.43566e+09, -1.11786e+09, 3.49325e+08,
1.02744e+09, -1.22958e+09, -7.78184e+08, 1.83305e+07,
9.23208e+08, -8.99521e+08, -3.64055e+08, -3.00753e+08,
7.23201e+08, -4.88149e+08, 7.3623e+07, -5.72992e+08,
4.54783e+08, -4.51837e+07, 4.83234e+08, -7.70144e+08,
1.51637e+08, 3.78556e+08, 8.18535e+08, -8.7359e+08,
-1.50388e+08, 7.36976e+08, 1.04388e+09, -8.76053e+08,
-4.17487e+08, 9.93714e+08, 1.13801e+09, -7.81943e+08,
-6.21674e+08, 1.12579e+09, 1.09595e+09, -6.06352e+08,
-7.4369e+08, 1.12557e+09, 9.28968e+08, -3.72858e+08,
-7.74766e+08, 1.0008e+09, 6.62538e+08, -1.1046e+08,
-7.17059e+08, 7.72967e+08, 3.32738e+08, 1.49994e+08,
-5.82809e+08, 4.74026e+08, -1.84992e+07, 3.79417e+08,
-3.92339e+08, 1.4219e+08, -3.48636e+08, 5.53732e+08,
-1.71232e+08, -1.82852e+08, -6.19637e+08, 6.56386e+08,
5.2978e+07, -4.64611e+08, -8.02326e+08, 6.79875e+08,
2.54153e+08, -6.73854e+08, -8.79498e+08, 6.26139e+08,
4.10555e+08, -7.91581e+08, -8.4745e+08, 5.05844e+08,
5.07157e+08, -8.10634e+08, -7.15825e+08, 3.36676e+08,
5.3702e+08, -7.35821e+08, -5.05829e+08, 1.40906e+08,
5.01619e+08, -5.82609e+08, -2.47133e+08, -5.74541e+07,
4.10147e+08, -3.74627e+08, 2.61342e+07, -2.35556e+08,
2.77904e+08, -1.40346e+08, 2.79763e+08, -3.74318e+08,
1.24059e+08, 9.06355e+07, 4.8366e+08, -4.60441e+08,
-3.09462e+07, 2.91208e+08, 6.15364e+08, -4.87632e+08,
-1.67993e+08, 4.39857e+08, 6.62467e+08, -4.56916e+08,
-2.71561e+08, 5.22897e+08, 6.23689e+08, -3.76065e+08,
-3.31434e+08, 5.35614e+08, 5.0853e+08, -2.58246e+08,
-3.43633e+08, 4.82244e+08, 3.35598e+08, -1.20103e+08,
-3.10516e+08, 3.74842e+08, 1.2987e+08, 2.04695e+07,
-2.4008e+08, 2.31261e+08, -8.07289e+07, 1.46565e+08,
-1.44573e+08, 7.25305e+07, -2.6897e+08, 2.44253e+08,
-3.86549e+07, -8.00005e+07, -4.11733e+08, 3.04077e+08,
6.26544e+07, -2.0738e+08, -4.92761e+08, 3.21909e+08,
1.4596e+08, -2.95303e+08, -5.0444e+08, 2.99094e+08,
2.01157e+08, -3.35631e+08, -4.48418e+08, 2.41906e+08,
2.22583e+08, -3.27035e+08, -3.35017e+08, 1.60422e+08,
2.09525e+08, -2.74715e+08, -1.81581e+08, 6.6987e+07,
1.66053e+08, -1.89301e+08, -9.97476e+06, -2.55033e+07,
1.00227e+08, -8.51049e+07, 1.56392e+08, -1.05288e+08,
2.28111e+07, 2.20031e+07, 2.95636e+08, -1.63171e+08,
-5.4315e+07, 1.16811e+08, 3.90171e+08, -1.93533e+08,
-1.19829e+08, 1.86769e+08, 4.28835e+08, -1.94812e+08,
-1.64494e+08, 2.23535e+08, 4.08126e+08, -1.69436e+08,
-1.82353e+08, 2.23878e+08, 3.32418e+08, -1.23222e+08,
-1.71436e+08, 1.89856e+08, 2.13155e+08, -6.43795e+07,
-1.33907e+08, 1.28268e+08, 6.71758e+07, -2.23925e+06,
-7.5649e+07, 4.94956e+07, -8.5618e+07, 5.40814e+07,
-5.36092e+06, -3.40938e+07, -2.24909e+08, 9.69165e+07,
6.67026e+07, -1.09941e+08, -3.32594e+08, 1.21023e+08,
1.30168e+08, -1.67052e+08, -3.95064e+08, 1.24169e+08,
1.75963e+08, -1.97466e+08, -4.04841e+08, 1.07283e+08,
1.9753e+08, -1.97271e+08, -3.614e+08, 7.41579e+07,
1.91685e+08, -1.6702e+08, -2.71079e+08, 3.07718e+07,
1.59002e+08, -1.1153e+08, -1.46116e+08, -1.56637e+07,
1.03696e+08, -3.91091e+07, -2.96683e+06, -5.77889e+07,
3.30291e+07, 3.96801e+07, 1.39876e+08, -8.9161e+07,
-4.36868e+07, 1.13527e+08, 2.64271e+08, -1.05151e+08,
-1.16334e+08, 1.71948e+08, 3.54712e+08, -1.03557e+08,
-1.75326e+08, 2.06713e+08, 4.00227e+08, -8.48582e+07,
-2.1286e+08, 2.12941e+08, 3.95666e+08, -5.20793e+07,
-2.23917e+08, 1.89715e+08, 3.42223e+08, -1.03053e+07,
-2.06896e+08, 1.40159e+08, 2.47157e+08, 3.40883e+07,
-1.63791e+08, 7.0965e+07, 1.22759e+08, 7.43704e+07,
-9.99171e+07, -8.54745e+06, -1.52848e+07, 1.04425e+08,
-2.32023e+07, -8.77106e+07, -1.49908e+08, 1.19619e+08,
5.68356e+07, -1.55948e+08, -2.64803e+08, 1.17457e+08,
1.30304e+08, -2.04182e+08, -3.46411e+08, 9.79268e+07,
1.88184e+08, -2.26024e+08, -3.8552e+08, 6.34983e+07,
2.23445e+08, -2.18593e+08, -3.7829e+08, 1.87794e+07,
2.31905e+08, -1.82869e+08, -3.26581e+08, -3.01223e+07,
2.12711e+08, -1.23523e+08, -2.37577e+08, -7.64415e+07,
1.68403e+08, -4.82786e+07, -1.2277e+08, -1.13685e+08,
1.04553e+08, 3.31201e+07, 3.56294e+06, -1.36522e+08,
2.90377e+07, 1.10195e+08, 1.26169e+08, -1.4152e+08,
-4.89667e+07, 1.73092e+08, 2.30696e+08, -1.2762e+08,
-1.20127e+08, 2.13851e+08, 3.05398e+08, -9.62989e+07,
-1.76094e+08, 2.27406e+08, 3.42467e+08, -5.13846e+07,
-2.10498e+08, 2.12206e+08, 3.38841e+08, 1.43205e+06,
-2.19684e+08, 1.70378e+08, 2.96409e+08, 5.53405e+07,
-2.03095e+08, 1.07414e+08, 2.21597e+08, 1.033e+08,
-1.63269e+08, 3.14315e+07, 1.24429e+08, 1.38961e+08,
-1.05458e+08, -4.78847e+07, 1.71775e+07, 1.575e+08,
-3.69305e+07, -1.20531e+08, -8.72025e+07, 1.56258e+08,
3.3962e+07, -1.77455e+08, -1.76662e+08, 1.35094e+08,
9.8816e+07, -2.11683e+08, -2.41467e+08, 9.64235e+07,
1.5019e+08, -2.19175e+08, -2.75273e+08, 4.49193e+07,
1.8247e+08, -1.99286e+08, -2.7573e+08, -1.30715e+07,
1.92488e+08, -1.54809e+08, -2.44577e+08, -7.03269e+07,
1.79824e+08, -9.15657e+07, -1.87236e+08, -1.19662e+08,
1.46768e+08, -1.76406e+07, -1.11965e+08, -1.54833e+08,
9.79516e+07, 5.7666e+07, -2.87104e+07, -1.71328e+08,
3.97091e+07, 1.25014e+08, 5.2194e+07, -1.66934e+08,
-2.0743e+07, 1.76188e+08, 1.21312e+08, -1.42019e+08,
-7.62064e+07, 2.05093e+08, 1.71212e+08, -9.94893e+07,
-1.20365e+08, 2.08481e+08, 1.97264e+08, -4.44304e+07,
-1.48508e+08, 1.86298e+08, 1.98054e+08, 1.65185e+07,
-1.58034e+08, 1.41633e+08, 1.75363e+08, 7.59835e+07,
-1.48671e+08, 8.02826e+07, 1.3375e+08, 1.2676e+08,
-1.22415e+08, 9.98218e+06, 7.98118e+07, 1.62695e+08,
-8.31847e+07, -6.05784e+07, 2.12202e+07, 1.79428e+08,
-3.62649e+07, -1.22841e+08, -3.4322e+07, 1.74922e+08,
1.23974e+07, -1.69422e+08, -8.00676e+07, 1.49693e+08,
5.69428e+07, -1.9499e+08, -1.11033e+08, 1.06739e+08,
9.2306e+07, -1.96868e+08, -1.24529e+08, 5.11622e+07,
1.14791e+08, -1.75297e+08, -1.20365e+08, -1.04557e+07,
1.22451e+08, -1.3334e+08, -1.0071e+08, -7.08527e+07,
1.15235e+08, -7.64368e+07, -6.96475e+07, -1.22958e+08,
9.48922e+07, -1.16863e+07, -3.25073e+07, -1.60729e+08,
6.46603e+07, 5.30552e+07, 4.94219e+06, -1.79859e+08,
2.87854e+07, 1.10143e+08, 3.73104e+07, -1.78266e+08,
-8.05859e+06, 1.53057e+08, 6.03096e+07, -1.56309e+08,
-4.13717e+07, 1.77156e+08, 7.12912e+07, -1.16712e+08,
-6.73751e+07, 1.80169e+08, 6.95286e+07, -6.42109e+07,
-8.34374e+07, 1.624e+08, 5.62211e+07, -4.96974e+06,
-8.83316e+07, 1.26595e+08, 3.42264e+07, 5.4166e+07,
-8.23e+07, 7.75356e+07, 7.57343e+06, 1.06476e+08,
-6.69281e+07, 2.13878e+07, -1.91738e+07, 1.46145e+08,
-4.48553e+07, -3.50857e+07, -4.1604e+07, 1.68915e+08,
-1.93664e+07, -8.53573e+07, -5.61031e+07, 1.72545e+08,
6.07395e+06, -1.23905e+08, -6.03664e+07, 1.57024e+08,
2.82821e+07, -1.46828e+08, -5.37101e+07, 1.24516e+08,
4.47502e+07, -1.52242e+08, -3.71444e+07, 7.9053e+07,
5.39276e+07, -1.40409e+08, -1.32028e+07, 2.60281e+07,
5.53563e+07, -1.13602e+08, 1.44442e+07, -2.84665e+07,
4.96518e+07, -7.57341e+07, 4.1532e+07, -7.83541e+07,
3.83394e+07, -3.17976e+07, 6.38251e+07, -1.18267e+08,
2.35769e+07, 1.27923e+07, 7.77312e+07, -1.44134e+08,
7.80588e+06, 5.28775e+07, 8.08232e+07, -1.53598e+08,
-6.61395e+06, 8.41669e+07, 7.2195e+07, -1.46222e+08,
-1.77386e+07, 1.03706e+08, 5.26058e+07, -1.23464e+08,
-2.42945e+07, 1.10156e+08, 2.4393e+07, -8.84386e+07,
-2.58222e+07, 1.0385e+08, -8.83415e+06, -4.54898e+07,
-2.26942e+07, 8.66402e+07, -4.26763e+07, 350593,
-1.60085e+07, 6.1562e+07, -7.25366e+07, 4.3966e+07,
-7.37782e+06, 3.2364e+07, -9.42442e+07, 8.07385e+07,
1.35071e+06, 2.97884e+06, -1.04624e+08, 1.07047e+08,
8.4024e+06, -2.29974e+07, -1.01939e+08, 1.20627e+08,
1.23632e+07, -4.27484e+07, -8.61386e+07, 1.20752e+08,
1.24065e+07, -5.45494e+07, -5.88954e+07, 1.08234e+08,
8.42551e+06, -5.79125e+07, -2.3405e+07, 8.52376e+07,
1.05354e+06, -5.35549e+07, 1.60093e+07, 5.4953e+07,
-8.43134e+06, -4.32035e+07, 5.4443e+07, 2.1167e+07,
-1.83024e+07, -2.92706e+07, 8.70361e+07, -1.22099e+07,
-2.66525e+07, -1.44514e+07, 1.09597e+08, -4.16014e+07,
-3.16964e+07, -1.30332e+06, 1.19144e+08, -6.41543e+07,
-3.20615e+07, 8.13341e+06, 1.14296e+08, -7.80162e+07,
-2.70263e+07, 1.26217e+07, 9.5459e+07, -8.2475e+07,
-1.66699e+07, 1.18818e+07, 6.4789e+07, -7.79524e+07,
-1.90892e+06, 6.59662e+06, 2.59341e+07, -6.58611e+07,
1.55859e+07, -1.7297e+06, -1.64142e+07, -4.83528e+07,
3.35852e+07, -1.1036e+07, -5.71003e+07, -2.79945e+07,
4.95851e+07, -1.90507e+07, -9.11425e+07, -7.41818e+06,
6.11428e+07, -2.3669e+07, -1.14351e+08, 1.10086e+07,
6.62198e+07, -2.33067e+07, -1.23849e+08, 2.54537e+07,
6.34863e+07, -1.71774e+07, -1.18428e+08, 3.48001e+07,
5.25444e+07, -5.45422e+06, -9.8698e+07, 3.87184e+07,
3.40386e+07, 1.07101e+07, -6.70188e+07, 3.76296e+07,
9.63348e+06, 2.93081e+07, -2.72069e+07, 3.25712e+07,
-1.81411e+07, 4.77331e+07, 1.59284e+07, 2.49895e+07,
-4.61634e+07, 6.31318e+07, 5.71729e+07, 1.64924e+07,
-7.10798e+07, 7.28069e+07, 9.1541e+07, 8.59806e+06,
-8.97094e+07, 7.46154e+07, 1.14882e+08, 2.51477e+06,
-9.94428e+07, 6.7308e+07, 1.24378e+08, -1.01933e+06,
-9.8587e+07, 5.07615e+07, 1.18888e+08, -1.81651e+06,
-8.66105e+07, 2.60706e+07, 9.90733e+07, -232508,
-6.42571e+07, -4.51815e+06, 6.73178e+07, 2.92329e+06,
-3.35104e+07, -3.78264e+07, 2.74345e+07, 6.5444e+06,
2.58981e+06, -7.00937e+07, -1.57969e+07, 9.42577e+06,
4.02625e+07, -9.74167e+07, -5.72052e+07, 1.04744e+07,
7.53954e+07, -1.16226e+08, -9.18469e+07, 8.90103e+06,
1.04006e+08, -1.23737e+08, -1.15594e+08, 4.36464e+06,
1.22696e+08, -1.18332e+08, -1.25623e+08, -2.95009e+06,
1.29059e+08, -9.9797e+07, -1.20739e+08, -1.23347e+07,
1.21969e+08, -6.94205e+07, -1.01516e+08, -2.2638e+07,
1.01747e+08, -2.98985e+07, -7.02138e+07, -3.24154e+07,
7.01533e+07, 1.49189e+07, -3.05085e+07, -4.01268e+07,
3.02287e+07, 6.0426e+07, 1.29495e+07, -4.43566e+07,
-1.40148e+07, 1.01758e+08, 5.5084e+07, -4.40251e+07,
-5.8014e+07, 1.34331e+08, 9.09879e+07, -3.85631e+07,
-9.71404e+07, 1.54357e+08, 1.16492e+08, -2.80252e+07,
-1.27199e+08, 1.5929e+08, 1.28646e+08, -1.31245e+07,
-1.44885e+08, 1.48131e+08, 1.26047e+08, 4.81619e+06,
-1.48147e+08, 1.21574e+08, 1.08992e+08, 2.39953e+07,
-1.3642e+08, 8.19641e+07, 7.94332e+07, 4.23283e+07,
-1.10696e+08, 3.30704e+07, 4.07371e+07, 5.76868e+07,
-7.3433e+07, -2.02908e+07, -2.70882e+06, 6.81531e+07,
-2.83021e+07, -7.2757e+07, -4.60034e+07, 7.22569e+07,
2.01879e+07, -1.1898e+08, -8.42915e+07, 6.91679e+07,
6.71588e+07, -1.5419e+08, -1.13311e+08, 5.88175e+07,
1.07867e+08, -1.74698e+08, -1.29863e+08, 4.19365e+07,
1.38195e+08, -1.78286e+08, -1.3216e+08, 2.00002e+07,
1.5507e+08, -1.64443e+08, -1.20006e+08, -4.91215e+06,
1.56779e+08, -1.3442e+08, -9.47991e+07, -3.03299e+07,
1.43134e+08, -9.11053e+07, -5.93554e+07, -5.36512e+07,
1.15489e+08, -3.87215e+07, -1.75785e+07, -7.24229e+07,
7.6585e+07, 1.76031e+07, 2.59839e+07, -8.46075e+07,
3.02713e+07, 7.23591e+07, 6.6646e+07, -8.88084e+07,
-1.88949e+07, 1.20213e+08, 1.00096e+08, -8.4428e+07,
-6.61087e+07, 1.5654e+08, 1.22853e+08, -7.17407e+07,
-1.06798e+08, 1.77877e+08, 1.3263e+08, -5.18731e+07,
-1.37073e+08, 1.82255e+08, 1.28551e+08, -2.66933e+07,
-1.54101e+08, 1.69374e+08, 1.11218e+08, 1.37783e+06,
-1.56366e+08, 1.40611e+08, 8.26142e+07, 2.96139e+07,
-1.43802e+08, 9.88538e+07, 4.58605e+07, 5.52609e+07,
-1.17769e+08, 4.82025e+07, 4.86248e+06, 7.58167e+07,
-8.08999e+07, -6.45548e+06, -3.61199e+07, 8.92833e+07,
-3.68235e+07, -5.99292e+07, -7.29245e+07, 9.4364e+07,
1.02061e+07, -1.07229e+08, -1.01916e+08, 9.05877e+07,
5.57273e+07, -1.44038e+08, -1.20343e+08, 7.83483e+07,
9.55002e+07, -1.67107e+08, -1.26597e+08, 5.88549e+07,
1.25904e+08, -1.74537e+08, -1.20335e+08, 3.40031e+07,
1.44266e+08, -1.65921e+08, -1.02477e+08, 6.17864e+06,
1.49086e+08, -1.42347e+08, -7.50631e+07, -2.19824e+07,
1.40157e+08, -1.06256e+08, -4.10147e+07, -4.78528e+07,
1.18545e+08, -6.11783e+07, -3.80661e+06, -6.90668e+07,
8.64637e+07, -1.13786e+07, 3.28975e+07, -8.37396e+07,
4.70383e+07, 3.85532e+07, 6.56127e+07, -9.06345e+07,
3.99779e+06, 8.41299e+07, 9.13649e+07, -8.92635e+07,
-3.86828e+07, 1.21369e+08, 1.07957e+08, -7.9912e+07,
-7.71501e+07, 1.47133e+08, 1.14144e+08, -6.35897e+07,
-1.08018e+08, 1.59388e+08, 1.09708e+08, -4.19157e+07,
-1.28662e+08, 1.57344e+08, 9.54269e+07, -1.69498e+07,
-1.37432e+08, 1.41494e+08, 7.29519e+07, 9.01007e+06,
-1.33778e+08, 1.13525e+08, 4.46104e+07, 3.36439e+07,
-1.18267e+08, 7.61404e+07, 1.31548e+07, 5.48193e+07,
-9.25071e+07, 3.27944e+07, -1.85102e+07, 7.07747e+07,
-5.89781e+07, -1.26278e+07, -4.75967e+07, 8.02614e+07,
-2.07927e+07, -5.61531e+07, -7.16745e+07, 8.26328e+07,
1.85917e+07, -9.40613e+07, -8.88628e+07, 7.78779e+07,
5.56825e+07, -1.23194e+08, -9.79592e+07, 6.65962e+07,
8.72568e+07, -1.41204e+08, -9.85021e+07, 4.99223e+07,
1.10635e+08, -1.46738e+08, -9.07639e+07, 2.94089e+07,
1.239e+08, -1.39522e+08, -7.56847e+07, 6.87944e+06,
1.26053e+08, -1.20366e+08, -5.47563e+07, -1.57333e+07,
1.17073e+08, -9.10755e+07, -2.98713e+07, -3.65502e+07,
9.79128e+07, -5.42842e+07, -3.15321e+06, -5.38961e+07,
7.03919e+07, -1.32251e+07, 2.32182e+07, -6.64271e+07,
3.70332e+07, 2.85449e+07, 4.71724e+07, -7.32253e+07,
833887, 6.74429e+07, 6.6894e+07, -7.38574e+07,
-3.49967e+07, 1.00157e+08, 8.09419e+07, -6.83929e+07,
-6.73159e+07, 1.2392e+08, 8.83358e+07, -5.73846e+07,
-9.33177e+07, 1.36735e+08, 8.86087e+07, -4.18133e+07,
-1.10772e+08, 1.37545e+08, 8.18255e+07, -2.30034e+07,
-1.18214e+08, 1.2632e+08, 6.85681e+07, -2.51531e+06,
-1.15065e+08, 1.04059e+08, 4.98895e+07, 1.79766e+07,
-1.01683e+08, 7.27158e+07, 2.72408e+07, 3.68126e+07,
-7.93261e+07, 3.50339e+07, 2.37309e+06, 5.24733e+07,
-5.00399e+07, -5.67959e+06, -2.27803e+07, 6.36954e+07,
-1.64807e+07, -4.58348e+07, -4.62367e+07, 6.95689e+07,
1.83205e+07, -8.18668e+07, -6.6106e+07, 6.9609e+07,
5.12258e+07, -1.10548e+08, -8.07322e+07, 6.37981e+07,
7.92691e+07, -1.29276e+08, -8.88284e+07, 5.25935e+07,
9.99226e+07, -1.36316e+08, -8.95915e+07, 3.6899e+07,
1.11326e+08, -1.30963e+08, -8.27894e+07, 1.80016e+07,
1.12456e+08, -1.13632e+08, -6.88083e+07, -2.52426e+06,
1.0323e+08, -8.58275e+07, -4.8653e+07, -2.29393e+07,
8.45114e+07, -5.00355e+07, -2.38954e+07, -4.14799e+07,
5.80434e+07, -9.5066e+06, 3.43047e+06, -5.65063e+07,
2.62916e+07, 3.20287e+07, 3.09824e+07, -6.66482e+07,
-7.77833e+06, 7.0699e+07, 5.63029e+07, -7.0932e+07,
-4.09735e+07, 1.02852e+08, 7.70375e+07, -6.88803e+07,
-7.0171e+07, 1.25403e+08, 9.11581e+07, -6.05724e+07,
-9.26126e+07, 1.36138e+08, 9.71705e+07, -4.66559e+07,
-1.06169e+08, 1.33941e+08, 9.42842e+07, -2.83085e+07,
-1.09548e+08, 1.1892e+08, 8.25239e+07, -7.14791e+06,
-1.02425e+08, 9.24203e+07, 6.27668e+07, 1.49037e+07,
-8.54827e+07, 5.69123e+07, 3.66963e+07, 3.57899e+07,
-6.03537e+07, 1.57731e+07, 6.67242e+06, 5.35112e+07,
-2.94706e+07, -2.70309e+07, -2.44753e+07, 6.63195e+07,
4.16447e+06, -6.73244e+07, -5.37132e+07, 7.28956e+07,
3.72683e+07, -1.01133e+08, -7.81035e+07, 7.24928e+07,
6.6597e+07, -1.25079e+08, -9.51092e+07, 6.50292e+07,
8.92659e+07, -1.36731e+08, -1.02871e+08, 5.11171e+07,
1.03038e+08, -1.34857e+08, -1.00422e+08, 3.20234e+07,
1.0655e+08, -1.19564e+08, -8.78249e+07, 9.56188e+06,
9.94565e+07, -9.23103e+07, -6.6192e+07, -1.40736e+07,
8.24692e+07, -5.57679e+07, -3.76054e+07, -3.65222e+07,
5.72938e+07, -1.35711e+07, -4.92301e+06, -5.54928e+07,
2.64635e+07, 3.00451e+07, 2.85041e+07, -6.90021e+07,
-6.91175e+06, 7.06702e+07, 5.91778e+07, -7.5588e+07,
-3.94576e+07, 1.04169e+08, 8.38258e+07, -7.44743e+07,
-6.78774e+07, 1.27107e+08, 9.97612e+07, -6.56695e+07,
-8.92886e+07, 1.37114e+08, 1.05188e+08, -4.99838e+07,
-1.0152e+08, 1.33135e+08, 9.94184e+07, -2.89628e+07,
-1.03336e+08, 1.15548e+08, 8.29675e+07, -4.73937e+06,
-9.45692e+07, 8.61394e+07, 5.75249e+07, 2.01795e+07,
-7.61404e+07, 4.79229e+07, 2.57879e+07, 4.31728e+07,
-4.99657e+07, 4.83479e+06, -8.81865e+06, 6.17831e+07,
-1.87612e+07, -3.86733e+07, -4.25113e+07, 7.39834e+07,
1.42374e+07, -7.80978e+07, -7.1564e+07, 7.84031e+07,
4.56111e+07, -1.09355e+08, -9.27266e+07, 7.44869e+07,
7.21134e+07, -1.2921e+08, -1.03597e+08, 6.25688e+07,
9.10102e+07, -1.35621e+08, -1.02903e+08, 4.38499e+07,
1.00366e+08, -1.27954e+08, -9.06614e+07, 2.02805e+07,
9.92456e+07, -1.07051e+08, -6.81915e+07, -5.64107e+06,
8.78135e+07, -7.51416e+07, -3.79812e+07, -3.11343e+07,
6.73128e+07, -3.56064e+07, -3.41581e+06, -5.34368e+07,
3.99333e+07, 7.38481e+06, 3.15986e+07, -7.01068e+07,
8.57718e+06, 4.93161e+07, 6.30773e+07, -7.92951e+07,
-2.34496e+07, 8.58061e+07, 8.74129e+07, -7.9954e+07,
-5.27894e+07, 1.13074e+08, 1.01793e+08, -7.19603e+07,
-7.63886e+07, 1.28337e+08, 1.0453e+08, -5.61361e+07,
-9.18205e+07, 1.30105e+08, 9.5265e+07, -3.41657e+07,
-9.7539e+07, 1.18325e+08, 7.50164e+07, -8.41488e+06,
-9.30374e+07, 9.43793e+07, 4.6072e+07, 1.8327e+07,
-7.88943e+07, 6.09246e+07, 1.17306e+07, 4.31535e+07,
-5.67026e+07, 2.15931e+07, -2.40755e+07, 6.33629e+07,
-2.88895e+07, -1.94062e+07, -5.72339e+07, 7.67579e+07,
1.55122e+06, -5.77458e+07, -8.39288e+07, 8.18898e+07,
3.13865e+07, -8.94462e+07, -1.01085e+08, 7.82192e+07,
5.74937e+07, -1.11298e+08, -1.06727e+08, 6.61746e+07,
7.71938e+07, -1.21197e+08, -1.00207e+08, 4.71016e+07,
8.85335e+07, -1.18348e+08, -8.22816e+07, 2.31094e+07,
9.04836e+07, -1.0333e+08, -5.50217e+07, -3.1686e+06,
8.30342e+07, -7.80048e+07, -2.15652e+07, -2.88723e+07,
6.71774e+07, -4.52896e+07, 1.42513e+07, -5.12358e+07,
4.47801e+07, -8.81519e+06, 4.83442e+07, -6.78954e+07,
1.83629e+07, 2.74837e+07, 7.68606e+07, -7.71485e+07,
-9.18784e+06, 5.98044e+07, 9.66258e+07, -7.81346e+07,
-3.49433e+07, 8.48867e+07, 1.05507e+08, -7.09178e+07,
-5.6253e+07, 1.00352e+08, 1.0265e+08, -5.64619e+07,
-7.10266e+07, 1.04937e+08, 8.856e+07, -3.65033e+07,
-7.79478e+07, 9.85939e+07, 6.50228e+07, -1.33369e+07,
-7.65945e+07, 8.24531e+07, 3.48692e+07, 1.04574e+07,
-6.74569e+07, 5.86555e+07, 1.62263e+06, 3.23161e+07,
-5.18508e+07, 3.00751e+07, -3.09326e+07, 4.99828e+07,
-3.1741e+07, -30782.4, -5.92042e+07, 6.17557e+07,
-9.49551e+06, -2.84017e+07, -8.0212e+07, 6.66629e+07,
1.23973e+07, -5.21398e+07, -9.19227e+07, 6.45446e+07,
3.16168e+07, -6.90191e+07, -9.34592e+07, 5.60371e+07,
4.62669e+07, -7.77033e+07, -8.5162e+07, 4.24603e+07,
5.5075e+07, -7.78501e+07, -6.84971e+07, 2.56275e+07,
5.75082e+07, -7.00942e+07, -4.58254e+07, 7.60262e+06,
5.37977e+07, -5.5915e+07, -2.00692e+07, -9.56423e+06,
4.48697e+07, -3.74102e+07, 5.68201e+06, -2.40863e+07,
3.21949e+07, -1.70059e+07, 2.85693e+07, -3.46453e+07,
1.75774e+07, 2.85739e+06, 4.6316e+07, -4.05258e+07,
2.91091e+06, 2.00236e+07, 5.7485e+07, -4.16636e+07,
-1.00653e+07, 3.28677e+07, 6.16104e+07, -3.86046e+07,
-1.99803e+07, 4.04602e+07, 5.9189e+07, -3.23818e+07,
-2.59889e+07, 4.26322e+07, 5.15354e+07, -2.43308e+07,
-2.78519e+07, 3.99369e+07, 4.05256e+07, -1.58697e+07,
-2.59329e+07, 3.35158e+07, 2.82692e+07, -8.27758e+06,
-2.11116e+07, 2.48917e+07, 1.67582e+07, -2.50161e+06,
-1.46288e+07, 1.57192e+07, 7.54824e+06, 977446,
-7.88316e+06, 7.52825e+06, 1.51775e+06, 2.20277e+06,
-2.21126e+06, 1.4978e+06, -1.25448e+06, 1.71285e+06,
1.32164e+06, -1.71061e+06, -1.47556e+06, 430636,
2.08815e+06, -2.03487e+06, -487457, -513657,
